1 2 3 4 5 6 7 8 9 10 11 12 13 14 15 16 17 18 19 20 21 22 23 24 25 26 27 28 29 30 31 32 33 34 35 36 37 38 39 40 41 42 43 44 45 46 47 48 49 50 51 52 53 54 55 56 57 58 59 60 61 62 63 64 65 66 67 68 69 70 71 72 73 74 75 76 77 78 79 80 81 82 83 84 85 86 87 88 89 90 91 92 93 94 95 96 97 98 99 100 101 102 103 104 105 106 107 108 109 110 111 112 113 114 115 116 117 118 119 120 121 122 123 124 125 126 127 128 129 130 131 132 133 134 135 136 137 138 139 140 141 142 143 144 145 146 147 148 149 150 151 152 153 154 155 156 157 158 159 160 161 162 163 164 165 166 167 168 169 170 171 172 173 174 175 176 177 178 179 180 181 182 183 184 185 186 187 188 189 190 191 192 193 194 195 196 197 198 199 200 201 
1 3 6 10 15 21 28 36 45 55 66 78 91 105 120 136 153 171 190 210 231 253 276 300 325 351 378 406 435 465 496 528 561 595 630 666 703 741 780 820 861 903 946 990 1035 1081 1128 1176 1225 1275 1326 1378 1431 1485 1540 1596 1653 1711 1770 1830 1891 1953 2016 2080 2145 2211 2278 2346 2415 2485 2556 2628 2701 2775 2850 2926 3003 3081 3160 3240 3321 3403 3486 3570 3655 3741 3828 3916 4005 4095 4186 4278 4371 4465 4560 4656 4753 4851 4950 5050 5151 5253 5356 5460 5565 5671 5778 5886 5995 6105 6216 6328 6441 6555 6670 6786 6903 7021 7140 7260 7381 7503 7626 7750 7875 8001 8128 8256 8385 8515 8646 8778 8911 9045 9180 9316 9453 9591 9730 9870 10011 10153 10296 10440 10585 10731 10878 11026 11175 11325 11476 11628 11781 11935 12090 12246 12403 12561 12720 12880 13041 13203 13366 13530 13695 13861 14028 14196 14365 14535 14706 14878 15051 15225 15400 15576 15753 15931 16110 16290 16471 16653 16836 17020 17205 17391 17578 17766 17955 18145 18336 18528 18721 18915 19110 19306 19503 19701 19900 20100 20301 
1 4 10 20 35 56 84 120 165 220 286 364 455 560 680 816 969 1140 1330 1540 1771 2024 2300 2600 2925 3276 3654 4060 4495 4960 5456 5984 6545 7140 7770 8436 9139 9880 10660 11480 12341 13244 14190 15180 16215 17296 18424 19600 20825 22100 23426 24804 26235 27720 29260 30856 32509 34220 35990 37820 39711 41664 43680 45760 47905 50116 52394 54740 57155 59640 62196 64824 67525 70300 73150 76076 79079 82160 85320 88560 91881 95284 98770 102340 105995 109736 113564 117480 121485 125580 129766 134044 138415 142880 147440 152096 156849 161700 166650 171700 176851 182104 187460 192920 198485 204156 209934 215820 221815 227920 234136 240464 246905 253460 260130 266916 273819 280840 287980 295240 302621 310124 317750 325500 333375 341376 349504 357760 366145 374660 383306 392084 400995 410040 419220 428536 437989 447580 457310 467180 477191 487344 497640 508080 518665 529396 540274 551300 562475 573800 585276 596904 608685 620620 632710 644956 657359 669920 682640 695520 708561 721764 735130 748660 762355 776216 790244 804440 818805 833340 848046 862924 877975 893200 908600 924176 939929 955860 971970 988260 1004731 1021384 1038220 1055240 1072445 1089836 1107414 1125180 1143135 1161280 1179616 1198144 1216865 1235780 1254890 1274196 1293699 1313400 1333300 1353400 1373701 
1 5 15 35 70 126 210 330 495 715 1001 1365 1820 2380 3060 3876 4845 5985 7315 8855 10626 12650 14950 17550 20475 23751 27405 31465 35960 40920 46376 52360 58905 66045 73815 82251 91390 101270 111930 123410 135751 148995 163185 178365 194580 211876 230300 249900 270725 292825 316251 341055 367290 395010 424270 455126 487635 521855 557845 595665 635376 677040 720720 766480 814385 864501 916895 971635 1028790 1088430 1150626 1215450 1282975 1353275 1426425 1502501 1581580 1663740 1749060 1837620 1929501 2024785 2123555 2225895 2331890 2441626 2555190 2672670 2794155 2919735 3049501 3183545 3321960 3464840 3612280 3764376 3921225 4082925 4249575 4421275 4598126 4780230 4967690 5160610 5359095 5563251 5773185 5989005 6210820 6438740 6672876 6913340 7160245 7413705 7673835 7940751 8214570 8495410 8783390 9078630 9381251 9691375 10009125 10334625 10668000 11009376 11358880 11716640 12082785 12457445 12840751 13232835 13633830 14043870 14463090 14891626 15329615 15777195 16234505 16701685 17178876 17666220 18163860 18671940 19190605 19720001 20260275 20811575 21374050 21947850 22533126 23130030 23738715 24359335 24992045 25637001 26294360 26964280 27646920 28342440 29051001 29772765 30507895 31256555 32018910 32795126 33585370 34389810 35208615 36041955 36890001 37752925 38630900 39524100 40432700 41356876 42296805 43252665 44224635 45212895 46217626 47239010 48277230 49332470 50404915 51494751 52602165 53727345 54870480 56031760 57211376 58409520 59626385 60862165 62117055 63391251 64684950 65998350 67331650 68685050 70058751 
1 6 21 56 126 252 462 792 1287 2002 3003 4368 6188 8568 11628 15504 20349 26334 33649 42504 53130 65780 80730 98280 118755 142506 169911 201376 237336 278256 324632 376992 435897 501942 575757 658008 749398 850668 962598 1086008 1221759 1370754 1533939 1712304 1906884 2118760 2349060 2598960 2869685 3162510 3478761 3819816 4187106 4582116 5006386 5461512 5949147 6471002 7028847 7624512 8259888 8936928 9657648 10424128 11238513 12103014 13019909 13991544 15020334 16108764 17259390 18474840 19757815 21111090 22537515 24040016 25621596 27285336 29034396 30872016 32801517 34826302 36949857 39175752 41507642 43949268 46504458 49177128 51971283 54891018 57940519 61124064 64446024 67910864 71523144 75287520 79208745 83291670 87541245 91962520 96560646 101340876 106308566 111469176 116828271 122391522 128164707 134153712 140364532 146803272 153476148 160389488 167549733 174963438 182637273 190578024 198792594 207288004 216071394 225150024 234531275 244222650 254231775 264566400 275234400 286243776 297602656 309319296 321402081 333859526 346700277 359933112 373566942 387610812 402073902 416965528 432295143 448072338 464306843 481008528 498187404 515853624 534017484 552689424 571880029 591600030 611860305 632671880 654045930 675993780 698526906 721656936 745395651 769754986 794747031 820384032 846678392 873642672 901289592 929632032 958683033 988455798 18963693 50220248 82239158 115034284 148619654 183009464 218218079 254260034 291150035 328902960 367533860 407057960 447490660 488847536 531144341 574397006 618621641 663834536 710052162 757291172 805568402 854900872 905305787 956800538 9402703 63130048 118000528 174032288 231243664 289653184 349279569 410141734 472258789 535650040 600334990 666333340 733664990 802350040 872408791 
1 7 28 84 210 462 924 1716 3003 5005 8008 12376 18564 27132 38760 54264 74613 100947 134596 177100 230230 296010 376740 475020 593775 736281 906192 1107568 1344904 1623160 1947792 2324784 2760681 3262623 3838380 4496388 5245786 6096454 7059052 8145060 9366819 10737573 12271512 13983816 15890700 18009460 20358520 22957480 25827165 28989675 32468436 36288252 40475358 45057474 50063860 55525372 61474519 67945521 74974368 82598880 90858768 99795696 109453344 119877472 131115985 143218999 156238908 170230452 185250786 201359550 218618940 237093780 256851595 277962685 300500200 324540216 350161812 377447148 406481544 437353560 470155077 504981379 541931236 581106988 622614630 666563898 713068356 762245484 814216767 869107785 927048304 988172368 52618392 120529256 192052400 267339920 346548665 429840335 517381580 609344100 705904746 807245622 913554188 25023364 141851635 264243157 392407864 526561576 666926108 813729380 967205528 127595016 295144749 470108187 652745460 843323484 42116078 249404082 465475476 690625500 925156775 169379425 423611200 688177600 963412000 249655776 547258432 856577728 177979809 511839335 858539612 218472724 592039666 979650478 381724380 798689908 230985051 679057389 143364232 624372760 122560164 638413788 172431272 725120696 297000725 888600755 500461060 133132940 787178870 463172650 161699556 883356492 628752143 398507129 193254160 13638192 860316584 733959256 635248848 564880880 523563913 512019711 530983404 581203652 663442810 778477094 927096748 110106212 328324291 582584325 873734360 202637320 570171180 977229140 424719800 913567336 444711677 19108683 637730324 301564860 11617022 768908194 574476596 429377468 334683255 291483793 300886496 364016544 482017072 656049360 887293024 176946208 526225777 936367511 408626300 944276340 544611330 210944670 944609660 746959700 619368491 
1 8 36 120 330 792 1716 3432 6435 11440 19448 31824 50388 77520 116280 170544 245157 346104 480700 657800 888030 1184040 1560780 2035800 2629575 3365856 4272048 5379616 6724520 8347680 10295472 12620256 15380937 18643560 22481940 26978328 32224114 38320568 45379620 53524680 62891499 73629072 85900584 99884400 115775100 133784560 154143080 177100560 202927725 231917400 264385836 300674088 341149446 386206920 436270780 491796152 553270671 621216192 696190560 778789440 869648208 969443904 78897248 198774720 329890705 473109704 629348612 799579064 984829850 186189400 404808340 641902120 898753715 176716400 477216600 801756816 151918628 529365776 935847320 373200880 843355957 348337336 890268572 471375560 93990190 760554088 473622444 235867928 50084695 919192480 846240784 834413152 887031544 7560800 199613200 466953120 813501785 243342120 760723700 370067800 75972546 883218168 796772356 821795720 963647355 227890512 620298376 146859952 813786060 627515440 594720968 722315984 17460733 487568920 140314380 983637864 25753942 275158024 740633500 431259000 356415775 525795200 949406400 637584000 600996000 850651776 397910208 254487936 432467745 944307080 802846692 21319416 613359082 593009560 974733940 773423848 4408899 683466288 826830520 451203280 573763444 212177232 384608504 109729200 406729925 295330680 795791740 928924680 716103550 179276200 340975756 224332248 853084391 251591520 444845680 458483872 318800456 52759712 688008560 252889440 776453353 288473064 819456468 400660120 64102930 842580024 769676772 879782984 208107275 790691600 664425960 867063280 437234460 414463600 839183400 752750736 197462413 216571096 854301420 155866280 167483302 936391496 510868092 940245560 274928815 566412608 867299104 231315648 713332720 369382080 256675104 433621312 959847089 896214600 304840900 249117240 793728570 4673240 949282900 696242600 315611091 
1 9 45 165 495 1287 3003 6435 12870 24310 43758 75582 125970 203490 319770 490314 735471 1081575 1562275 2220075 3108105 4292145 5852925 7888725 10518300 13884156 18156204 23535820 30260340 38608020 48903492 61523748 76904685 95548245 118030185 145008513 177232627 215553195 260932815 314457495 377348994 450978066 536878650 636763050 752538150 886322710 40465790 217566350 420494075 652411475 916797311 217471399 558620845 944827765 381098545 872894697 426165368 47381560 743572120 522361560 392009768 361453672 440350920 639125640 969016345 442126049 71474661 871053725 855883575 42072975 446881315 88783435 987537150 164253550 641470150 443226966 595145594 124511370 60358690 433559570 276915527 625252863 515521435 986896995 80887185 841441273 315063717 550931645 601016340 520208820 366449604 200862756 87894300 95455100 295068300 762021420 575523205 818865325 579589025 949656825 25629371 908847539 705619895 527415615 491062970 718953482 339251858 486111810 299897870 927413310 522134278 244450262 261910995 749479915 889794295 873432159 899186101 174344125 914977625 346236625 702652400 228447600 177854000 815438000 416434000 267085776 664995984 919483920 351951665 296258745 99105437 120424853 733783935 326793495 301527435 74951283 79360182 762826470 589656990 40860270 614623714 826800946 211409450 321138650 727868575 23199255 818990995 747915675 464019225 643295425 984271181 208603429 61687820 313279340 758125020 216608892 535409348 588169060 276177620 529067060 305520413 593993477 413449945 814110065 878212995 720793019 490469791 370252775 578360050 369051650 33477610 900540890 337775350 752238950 591422350 344173086 541635499 758206595 612508015 768374295 935857597 872249093 383117185 323362745 598291560 164704168 32003272 263318920 976651640 346033720 602708824 36330136 996177225 892391825 197232725 446349965 240078535 244751775 194034675 890277275 205888366 
1 10 55 220 715 2002 5005 11440 24310 48620 92378 167960 293930 497420 817190 1307504 2042975 3124550 4686825 6906900 10015005 14307150 20160075 28048800 38567100 52451256 70607460 94143280 124403620 163011640 211915132 273438880 350343565 445891810 563921995 708930508 886163135 101716330 362649145 677106640 54455634 505433700 42312350 679075400 431613550 317936260 358402050 575968400 996462475 648873950 565671261 783142660 341763505 286591270 667689815 540584512 966749880 14131440 757703560 280065120 672074888 33528560 473879480 113005120 82021465 524147514 595622175 466675900 322559475 364632450 811513765 900297200 887834350 52087900 693558050 136785016 731930610 856441980 916800670 350360240 627275767 252528630 768050065 754947060 835834245 677275518 992339235 543270880 144287220 664496040 30945644 231808400 319702700 415157800 710226100 472247520 47770725 866636050 446225075 395881900 421511271 330358810 35978705 563394320 54457290 773410772 112662630 598774440 898672310 826085620 348219898 592670160 854581155 604061070 493855365 367287524 266473625 440817750 355795375 702032000 404684400 633132000 810986000 626424000 42858000 309943776 974939760 894423680 246375345 542634090 641739527 762164380 495948315 822741810 124269245 199220528 278580710 41407180 631064170 671924440 286548154 113349100 324758550 645897200 373765775 396965030 215956025 963871700 427890925 71186350 55457531 264060960 325748780 639028120 397153140 613762032 149171380 737340440 13518060 542585120 848105533 442099010 855548955 669659020 547872015 268665034 759134825 129387600 707747650 76799300 110276910 10817800 348593150 100832100 692254450 36427536 578063035 336269630 948777645 717151940 653009537 525258630 908375815 231738560 830030120 994734288 26737560 290056480 266708120 612741840 215450664 251780800 247958025 140349850 337582575 783932540 24011075 268762850 462797525 353074800 558963166 
1 11 66 286 1001 3003 8008 19448 43758 92378 184756 352716 646646 1144066 1961256 3268760 5311735 8436285 13123110 20030010 30045015 44352165 64512240 92561040 131128140 183579396 254186856 348330136 472733756 635745396 847660528 121099408 471442973 917334783 481256778 190187286 76350421 178066751 540715896 217822536 272278170 777711870 820024220 499099620 930713170 248649430 607051480 183019880 179482355 828356305 394027566 177170226 518933731 805525001 473214816 13799328 980549208 994680648 752384208 32449328 704524216 738052776 211932256 324937376 406958841 931106355 526728530 993404430 315963905 680596355 492110120 392407320 280241670 332329570 25887620 162672636 894603246 751045226 667845896 18206136 645481903 898010533 666060598 421007658 256841903 934117421 926456656 469727536 614014756 278510796 309456440 541264840 860967540 276125340 986351440 458598960 506369685 373005735 819230810 215112710 636623981 966982791 2961496 566355816 620813106 394223878 506886508 105660948 4333258 830418878 178638776 771308936 625890091 229951161 723806526 91094050 357567675 798385425 154180800 856212800 260897200 894029200 705015200 331439200 374297200 684240976 659180736 553604416 799979761 342613851 984353378 746517758 242466073 65207883 189477128 388697656 667278366 708685546 339749716 11674156 298222310 411571410 736329960 382227160 755992935 152957965 368913990 332785690 760676615 831862965 887320496 151381456 477130236 116158356 513311496 127073528 276244908 13585348 27103408 569688528 417794061 859893071 715442026 385101046 932973061 201638095 960772920 90160520 797908170 874707470 984984380 995802180 344395330 445227430 137481880 173909416 751972451 88242081 37019726 754171666 407181203 932439833 840815648 72554208 902584328 897318616 924056176 214112656 480820776 93562616 309013280 560794080 808752105 949101955 286684530 70617070 94628145 363390995 826188520 179263320 738226486 
1 12 78 364 1365 4368 12376 31824 75582 167960 352716 705432 1352078 2496144 4457400 7726160 13037895 21474180 34597290 54627300 84672315 129024480 193536720 286097760 417225900 600805296 854992152 203322288 676056044 311801440 159461968 280561376 752004349 669339132 150595910 340783196 417133617 595200368 135916264 353738800 626016970 403728840 223753060 722852680 653565850 902215280 509266760 692286640 871768995 700125300 94152866 271323092 790256823 595781824 68996640 82795968 63345176 58025824 810410032 842859360 547383576 285436352 497368608 822305984 229264825 160371180 687099710 680504140 996468045 677064400 169174520 561581840 841823510 174153080 200040700 362713336 257316582 8361808 676207704 694413840 339895743 237906276 903966874 324974532 581816435 515933856 442390512 912118048 526132804 804643600 114100040 655364880 516332420 792457760 778809200 237408160 743777845 116783580 936014390 151127100 787751081 754733872 757695368 324051184 944864290 339088168 845974676 951635624 955968882 786387760 965026536 736335472 362225563 592176724 315983250 407077300 764644975 563030400 717211200 573424000 834321200 728350400 433365600 764804800 139102000 823342976 482523712 36128128 836107889 178721740 163075118 909592876 152058949 217266832 406743960 795441616 462719982 171405528 511155244 522829400 821051710 232623120 968953080 351180240 107173175 260131140 629045130 961830820 722507435 554370400 441690896 593072352 70202588 186360944 699672440 826745968 102990876 116576224 143679632 713368160 131162221 991055292 706497318 91598364 24571425 226209520 186982440 277142960 75051130 949758600 934742980 930545160 274940490 720167920 857649800 31559216 783531667 871773748 908793474 662965140 70146343 2586176 843401824 915956032 818540360 715858976 639915152 854027808 334848584 428411200 737424480 298218560 106970665 56072620 342757150 413374220 508002365 871393360 697581880 876845200 615071686 
1 13 91 455 1820 6188 18564 50388 125970 293930 646646 1352078 2704156 5200300 9657700 17383860 30421755 51895935 86493225 141120525 225792840 354817320 548354040 834451800 251677700 852482996 707475148 910797436 586853480 898654920 58116888 338678264 90682613 760021745 910617655 251400851 668534468 263734836 399651100 753389900 379406870 783135710 6888770 729741450 383307300 285522580 794789340 487075980 358844975 58970275 153123141 424446233 214703056 810484880 879481520 962277488 25622664 83648488 894058520 736917880 284301456 569737808 67106416 889412400 118677225 279048405 966148115 646652255 643120300 320184700 489359220 50941060 892764570 66917650 266958350 629671686 886988268 895350076 571557780 265971620 605867363 843773639 747740513 72715045 654531480 170465336 612855848 524973896 51106700 855750300 969850340 625215220 141547640 934005400 712814600 950222760 694000605 810784185 746798575 897925675 685676756 440410628 198105996 522157180 467021470 806109638 652084314 603719938 559688820 346076580 311103116 47438588 409664151 1840875 317824125 724901425 489546400 52576800 769788000 343212000 177533200 905883600 339249200 104054000 243156000 66498976 549022688 585150816 421258705 599980445 763055563 672648439 824707388 41974220 448718180 244159796 706879778 878285306 389440550 912269950 733321660 965944780 934897860 286078100 393251275 653382415 282427545 244258365 966765800 521136200 962827096 555899448 626102036 812462980 512135420 338881388 441872264 558448488 702128120 415496280 546658501 537713793 244211111 335809475 360380900 586590420 773572860 50715820 125766950 75525550 10268530 940813690 215754180 935922100 793571900 825131116 608662783 480436531 389230005 52195145 122341488 124927664 968329488 884285520 702825880 418684856 58600008 912627816 247476400 675887600 413312080 711530640 818501305 874573925 217331075 630705295 138707660 10101020 707682900 584528100 199599786 
1 14 105 560 2380 8568 27132 77520 203490 497420 1144066 2496144 5200300 10400600 20058300 37442160 67863915 119759850 206253075 347373600 573166440 927983760 476337800 310789600 562467300 414950296 122425444 33222880 620076360 518731280 576848168 915526432 6209045 766230790 676848445 928249296 596783764 860518600 260169700 13559600 392966470 176102180 182990950 912732400 296039700 581562280 376351620 863427600 222272575 281242850 434365991 858812224 73515280 884000160 763481680 725759168 751381832 835030320 729088840 466006720 750308176 320045984 387152400 276564800 395242025 674290430 640438545 287090800 930211100 250395800 739755020 790696080 683460650 750378300 17336650 647008336 533996604 429346680 904460 266876080 872743443 716517082 464257595 536972640 191504120 361969456 974825304 499799200 550905900 406656200 376506540 1721760 143269400 77274800 790089400 740312160 434312765 245096950 991895525 889821200 575497956 15908584 214014580 736171760 203193230 9302868 661387182 265107120 824795940 170872520 481975636 529414224 939078375 940919250 258743375 983644800 473191200 525768000 295556000 638768000 816301200 722184800 61434000 165488000 408644000 475142976 24165664 609316480 30575185 630555630 393611193 66259632 890967020 932941240 381659420 625819216 332698994 210984300 600424850 512694800 246016460 211961240 146859100 432937200 826188475 479570890 761998435 6256800 973022600 494158800 456985896 12885344 638987380 451450360 963585780 302467168 744339432 302787920 4916040 420412320 967070821 504784614 748995725 84805200 445186100 31776520 805349380 856065200 981832150 57357700 67626230 8439920 224194100 160116200 953688100 778819216 387481999 867918530 257148535 309343680 431685168 556612832 524942320 409227840 112053720 530738576 589338584 501966400 749442800 425330400 838642480 550173120 368674425 243248350 460579425 91284720 229992380 240093400 947776300 532304400 731904186 
1 15 120 680 3060 11628 38760 116280 319770 817190 1961256 4457400 9657700 20058300 40116600 77558760 145422675 265182525 471435600 818809200 391975640 319959400 796297200 107086800 669554100 84504396 206929840 240152720 860229080 378960360 955808528 871334960 877544005 643774795 320623240 248872536 845656300 706174900 966344600 979904200 372870670 548972850 731963800 644696200 940735900 522298180 898649800 762077400 984349975 265592825 699958816 558771040 632286320 516286480 279768160 5527328 756909160 591939480 321028320 787035040 537343216 857389200 244541600 521106400 916348425 590638855 231077400 518168200 448379300 698775100 438530120 229226200 912686850 663065150 680401800 327410136 861406740 290753420 291657880 558533960 431277403 147794485 612052080 149024720 340528840 702498296 677323600 177122800 728028700 134684900 511191440 512913200 656182600 733457400 523546800 263858960 698171725 943268675 935164200 824985400 400483356 416391940 630406520 366578280 569771510 579074378 240461560 505568680 330364620 501237140 983212776 512627000 451705375 392624625 651368000 635012800 108204000 633972000 929528000 568296000 384597200 106782000 168216000 333704000 742348000 217490976 241656640 850973120 881548305 512103935 905715128 971974760 862941780 795883020 177542440 803361656 136060650 347044950 947469800 460164600 706181060 918142300 65001400 497938600 324127075 803697965 565696400 571953200 544975800 39134600 496120496 509005840 147993220 599443580 563029360 865496528 609835960 912623880 917539920 337952240 305023061 809807675 558803400 643608600 88794700 120571220 925920600 781985800 763817950 821175650 888801880 897241800 121435900 281552100 235240200 14059416 401541415 269459945 526608480 835952160 267637328 824250160 349192480 758420320 870474040 401212616 990551200 492517600 241960400 667290800 505933280 56106400 424780825 668029175 128608600 219893320 449885700 689979100 637755400 170059800 901963986 
1 16 136 816 3876 15504 54264 170544 490314 1307504 3268760 7726160 17383860 37442160 77558760 155117520 300540195 565722720 37158320 855967520 247943160 567902560 364199760 471286560 140840660 225345056 432274896 672427616 532656696 911617056 867425584 738760544 616304549 260079344 580702584 829575120 675231420 381406320 347750920 327655120 700525790 249498640 981462440 626158640 566894540 89192720 987842520 749919920 734269895 999862720 699821536 258592576 890878896 407165376 686933536 692460864 449370024 41309504 362337824 149372864 686716080 544105280 788646880 309753280 226101705 816740560 47817960 565986160 14365460 713140560 151670680 380896880 293583730 956648880 637050680 964460816 825867556 116620976 408278856 966812816 398090219 545884704 157936784 306961504 647490344 349988640 27312240 204435040 932463740 67148640 578340080 91253280 747435880 480893280 4440080 268299040 966470765 909739440 844903640 669889040 70372396 486764336 117170856 483749136 53520646 632595024 873056584 378625264 708989884 210227024 193439800 706066800 157772175 550396800 201764800 836777600 944981600 578953600 508481600 76777600 461374800 568156800 736372800 70076800 812424800 29915776 271572416 122545536 4093841 516197776 421912904 393887664 256829444 52712464 230254904 33616560 169677210 516722160 464191960 924356560 630537620 548679920 613681320 111619920 435746995 239444960 805141360 377094560 922070360 961204960 457325456 966331296 114324516 713768096 276797456 142293984 752129944 664753824 582293744 920245984 225269045 35076720 593880120 237488720 326283420 446854640 372775240 154761040 918578990 739754640 628556520 525798320 647234220 928786320 164026520 178085936 579627351 849087296 375695776 211647936 479285264 303535424 652727904 411148224 281622264 682834880 673386080 165903680 407864080 75154880 581088160 637194560 61975385 730004560 858613160 78506480 528392180 218371280 856126680 26186480 928150466 
1 17 153 969 4845 20349 74613 245157 735471 2042975 5311735 13037895 30421755 67863915 145422675 300540195 601080390 166803110 203961430 59928950 307872110 875774670 239974430 711260990 852101650 77446706 509721602 182149218 714805914 626422970 493848554 232609098 848913647 108992991 689695575 519270695 194502115 575908435 923659355 251314475 951840265 201338905 182801345 808959985 375854525 465047245 452889765 202809685 937079580 936942300 636763836 895356412 786235308 193400684 880334220 572795084 22165108 63474612 425812436 575185300 261901380 806006660 594653540 904406820 130508525 947249085 995067045 561053205 575418665 288559225 440229905 821126785 114710515 71359395 708410075 672870891 498738447 615359423 23638279 990451095 388541314 934426018 92362802 399324306 46814650 396803290 424115530 628550570 561014310 628162950 206503030 297756310 45192190 526085470 530525550 798824590 765295355 675034795 519938435 189827475 260199871 746964207 864135063 347884199 401404845 33999869 907056453 285681717 994671601 204898625 398338425 104405225 262177400 812574200 14339000 851116600 796098200 375051800 883533400 960311000 421685800 989842600 726215400 796292200 608717000 638632776 910205192 32750728 36844569 553042345 974955249 368842913 625672357 678384821 908639725 942256285 111933495 628655655 92847615 17204175 647741795 196421715 810103035 921722955 357469950 596914910 402056270 779150830 701221190 662426150 119751606 86082902 200407418 914175514 190972970 333266954 85396898 750150722 332444466 252690450 477959495 513036215 106916335 344405055 670688475 117543115 490318355 645079395 563658385 303413025 931969545 457767865 105002085 33788405 197814925 375900861 955528212 804615508 180311284 391959220 871244484 174779908 827507812 238656036 520278300 203113180 876499260 42402940 450267020 525421900 106510060 743704620 805680005 535684565 394297725 472804205 1196385 219567665 75694345 101880825 30031291 
1 18 171 1140 5985 26334 100947 346104 1081575 3124550 8436285 21474180 51895935 119759850 265182525 565722720 166803110 333606220 537567650 597496600 905368710 781143380 21117810 732378800 584480450 661927156 171648758 353797976 68603890 695026860 188875414 421484512 270398159 379391150 69086725 588357420 782859535 358767970 282427325 533741800 485582065 686920970 869722315 678682300 54536825 519584070 972473835 175283520 112363100 49305400 686069236 581425648 367660956 561061640 441395860 14190944 36356052 99830664 525643100 100828400 362729780 168736440 763389980 667796800 798305325 745554410 740621455 301674660 877093325 165652550 605882455 427009240 541719755 613079150 321489225 994360116 493098563 108457986 132096265 122547360 511088674 445514692 537877494 937201800 984016450 380819740 804935270 433485840 994500150 622663100 829166130 126922440 172114630 698200100 228725650 27550240 792845595 467880390 987818825 177646300 437846171 184810378 48945441 396829640 798234485 832234354 739290807 24972524 19644125 224542750 622881175 727286400 989463800 802038000 816377000 667493600 463591800 838643600 722177000 682488000 104173800 94016400 820231800 616524000 225241000 863873776 774078968 806829696 843674265 396716610 371671859 740514772 366187129 44571950 953211675 895467960 7401455 636057110 728904725 746108900 393850695 590272410 400375445 322098400 679568350 276483260 678539530 457690360 158911550 821337700 941089306 27172208 227579626 141755140 332728110 665995064 751391962 501542684 833987150 86677600 564637095 77673310 184589645 528994700 199683175 317226290 807544645 452624040 16282425 319695450 251664995 709432860 814434945 848223350 46038275 421939136 377467348 182082856 362394140 754353360 625597844 800377752 627885564 866541600 386819900 589933080 466432340 508835280 959102300 484524200 591034260 334738880 140418885 676103450 70401175 543205380 544401765 763969430 839663775 941544600 971575891 
1 19 190 1330 7315 33649 134596 480700 1562275 4686825 13123110 34597290 86493225 206253075 471435600 37158320 203961430 537567650 75135300 672631900 578000610 359143990 380261800 112640600 697121050 359048206 530696964 884494940 953098830 648125690 837001104 258485616 528883775 908274925 977361650 565719070 348578605 707346575 989773900 523515700 9097765 696018735 565741050 244423350 298960175 818544245 791018080 966301600 78664700 127970100 814039336 395464984 763125940 324187580 765583440 779774384 816130436 915961100 441604200 542432600 905162380 73898820 837288800 505085600 303390925 48945335 789566790 91241450 968334775 133987325 739869780 166879020 708598775 321677925 643167150 637527266 130625829 239083815 371180080 493727440 4816114 450330806 988208300 925410100 909426550 290246290 95181560 528667400 523167550 145830650 974996780 101919220 274033850 972233950 200959600 228509840 21355435 489235825 477054650 654700950 92547121 277357499 326302940 723132580 521367065 353601419 92892226 117864750 137508875 362051625 984932800 712219200 701683000 503721000 320098000 987591600 451183400 289827000 12004000 694492000 798665800 892682200 712914000 329438000 554679000 418552776 192631744 999461440 843135705 239852315 611524174 352038946 718226075 762798025 716009700 611477660 618879115 254936225 983840950 729949850 123800545 714072955 114448400 436546800 116115150 392598410 71137940 528828300 687739850 509077550 450166856 477339064 704918690 846673830 179401940 845397004 596788966 98331650 932318800 18996400 583633495 661306805 845896450 374891150 574574325 891800615 699345260 151969300 168251725 487947175 739612170 449045030 263479975 111703325 157741600 579680736 957148084 139230940 501625080 255978440 881576284 681954036 309839600 176381200 563201100 153134180 619566520 128401800 87504100 572028300 163062560 497801440 638220325 314323775 384724950 927930330 472332095 236301525 75965300 17509900 989085791 
1 20 210 1540 8855 42504 177100 657800 2220075 6906900 20030010 54627300 141120525 347373600 818809200 855967520 59928950 597496600 672631900 345263800 923264410 282408400 662670200 775310800 472431850 831480056 362177020 246671960 199770790 847896480 684897584 943383200 472266975 380541900 357903550 923622620 272201225 979547800 969321700 492837400 501935165 197953900 763694950 8118300 307078475 125622720 916640800 882942400 961607100 89577200 903616536 299081520 62207460 386395040 151978480 931752864 747883300 663844400 105448600 647881200 553043580 626942400 464231200 969316800 272707725 321653060 111219850 202461300 170796075 304783400 44653180 211532200 920130975 241808900 884976050 522503316 653129145 892212960 263393040 757120480 761936594 212267400 200475700 125885800 35312350 325558640 420740200 949407600 472575150 618405800 593402580 695321800 969355650 941589600 142549200 371059040 392414475 881650300 358704950 13405900 105953021 383310520 709613460 432746040 954113105 307714524 400606750 518471500 655980375 18032000 2964800 715184000 416867000 920588000 240686000 228277600 679461000 969288000 981292000 675784000 474449800 367132000 80046000 409484000 964163000 382715776 575347520 574808960 417944665 657796980 269321154 621360100 339586175 102384200 818393900 429871560 48750675 303686900 287527850 17477700 141278245 855351200 969799600 406346400 522461550 915059960 986197900 515026200 202766050 711843600 162010456 639349520 344268210 190942040 370343980 215740984 812529950 910861600 843180400 862176800 445810295 107117100 953013550 327904700 902479025 794279640 493624900 645594200 813845925 301793100 41405270 490450300 753930275 865633600 23375200 603055936 560204020 699434960 201060040 457038480 338614764 20568800 330408400 506789600 69990700 223124880 842691400 971093200 58597300 630625600 793688160 291489600 929709925 244033700 628758650 556688980 29021075 265322600 341287900 358797800 347883591 
1 21 231 1771 10626 53130 230230 888030 3108105 10015005 30045015 84672315 225792840 573166440 391975640 247943160 307872110 905368710 578000610 923264410 846528820 128937220 791607420 566918220 39350070 870830126 233007146 479679106 679449896 527346376 212243960 155627160 627894135 8436035 366339585 289962205 562163430 541711230 511032930 3870330 505805495 703759395 467454345 475572645 782651120 908273840 824914640 707857040 669464140 759041340 662657876 961739396 23946856 410341896 562320376 494073240 241956540 905800940 11249540 659130740 212174320 839116720 303347920 272664720 545372445 867025505 978245355 180706655 351502730 656286130 700939310 912471510 832602485 74411385 959387435 481890751 135019896 27232856 290625896 47746376 809682970 21950370 222426070 348311870 383624220 709182860 129923060 79330660 551905810 170311610 763714190 459035990 428391640 369981240 512530440 883589480 276003955 157654255 516359205 529765105 635718126 19028646 728642106 161388146 115501251 423215775 823822525 342294025 998274400 16306400 19271200 734455200 151322200 71910200 312596200 540873800 220334800 189622800 170914800 846698800 321148600 688280600 768326600 177810600 141973600 524689376 100036896 674845856 92790521 750587501 19908655 641268755 980854930 83239130 901633030 331504590 380255265 683942165 971470015 988947715 130225960 985577160 955376760 361723160 884184710 799244670 785442570 300468770 503234820 215078420 377088876 16438396 360706606 551648646 921992626 137733610 950263560 861125160 704305560 566482360 12292655 119409755 72423305 400328005 302807030 97086670 590711570 236305770 50151695 351944795 393350065 883800365 637730640 503364240 526739440 129795376 689999396 389434356 590494396 47532876 386147640 406716440 737124840 243914440 313905140 537030020 379721420 350814620 409411920 40037520 833725680 125215280 54925205 298958905 927717555 484406535 513427610 778750210 120038110 478835910 826719501 
1 22 253 2024 12650 65780 296010 1184040 4292145 14307150 44352165 129024480 354817320 927983760 319959400 567902560 875774670 781143380 359143990 282408400 128937220 257874440 49481860 616400080 655750150 526580276 759587422 239266528 918716424 446062800 658306760 813933920 441828055 450264090 816603675 106565880 668729310 210440540 721473470 725343800 231149295 934908690 402363035 877935680 660586800 568860640 393775280 101632320 771096460 530137800 192795676 154535072 178481928 588823824 151144200 645217440 887173980 792974920 804224460 463355200 675529520 514646240 817994160 90658880 636031325 503056830 481302185 662008840 13511570 669797700 370737010 283208520 115811005 190222390 149609825 631500576 766520472 793753328 84379224 132125600 941808570 963758940 186185010 534496880 918121100 627303960 757227020 836557680 388463490 558775100 322489290 781525280 209916920 579898160 92428600 976018080 252022035 409676290 926035495 455800600 91518726 110547372 839189478 577624 116078875 539294650 363117175 705411200 703685600 719992000 739263200 473718400 625040600 696950800 9547000 550420800 770755600 960378400 131293200 977992000 299140600 987421200 755747800 933558400 75532000 600221376 700258272 375104128 467894649 218482150 238390805 879659560 860514490 943753620 845386650 176891240 557146505 241088670 212558685 201506400 331732360 317309520 272686280 634409440 518594150 317838820 103281390 403750160 906984980 122063400 499152276 515590672 876297278 427945924 349938550 487672160 437935720 299060880 3366440 569848800 582141455 701551210 773974515 174302520 477109550 574196220 164907790 401213560 451365255 803310050 196660115 80460480 718191120 221555360 748294800 878090176 568089572 957523928 548018324 595551200 981698840 388415280 125540120 369454560 683359700 220389720 600111140 950925760 360337680 400375200 234100880 359316160 414241365 713200270 640917825 125324360 638751970 417502180 537540290 16376200 843095701 
1 23 276 2300 14950 80730 376740 1560780 5852925 20160075 64512240 193536720 548354040 476337800 796297200 364199760 239974430 21117810 380261800 662670200 791607420 49481860 98963720 715363800 371113950 897694226 657281648 896548176 815264600 261327400 919634160 733568080 175396135 625660225 442263900 548829780 217559090 427999630 149473100 874816900 105966195 40874885 443237920 321173600 981760400 550621040 944396320 46028640 817125100 347262900 540058576 694593648 873075576 461899400 613043600 258261040 145435020 938409940 742634400 205989600 881519120 396165360 214159520 304818400 940849725 443906555 925208740 587217580 600729150 270526850 641263860 924472380 40283385 230505775 380115600 11616176 778136648 571889976 656269200 788394800 730203370 693962310 880147320 414644200 332765300 960069260 717296280 553853960 942317450 501092550 823581840 605107120 815024040 394922200 487350800 463368880 715390915 125067205 51102700 506903300 598422026 708969398 548158876 548736500 664815375 204110025 567227200 272638400 976324000 696316000 435579200 909297600 534338200 231289000 240836000 791256800 562012400 522390800 653684000 631676000 930816600 918237800 673985600 607544000 683076000 283297376 983555648 358659776 826554425 45036575 283427380 163086940 23601430 967355050 812741700 989632940 546779445 787868115 426800 201933200 533665560 850975080 123661360 758070800 276664950 594503770 697785160 101535320 8520300 130583700 629735976 145326648 21623926 449569850 799508400 287180560 725116280 24177160 27543600 597392400 179533855 881085065 655059580 829362100 306471650 880667870 45575660 446789220 898154475 701464525 898124640 978585120 696776240 918331600 666626400 544716576 112806148 70330076 618348400 213899600 195598440 584013720 709553840 79008400 762368100 982757820 582868960 533794720 894132400 294507600 528608480 887924640 302166005 15366275 656284100 781608460 420360430 837862610 375402900 391779100 234874801 
